3 
P 1.0 6.0 -0.4582930923008574
P 1.0 7.0 -0.2454856339703538
P 1.0 8.0 -0.19566674001828763
P 2.0 6.0 0.05512724037644967
P 2.0 7.0 0.14918316039629642
P 2.0 8.0 0.4777904974679249
P 3.0 6.0 0.2192738222572549
P 3.0 7.0 0.39124068256477096
P 3.0 8.0 0.3024240284080263
P 4.0 6.0 -2.1501680932091967
P 4.0 7.0 -2.1124971124329552
P 4.0 8.0 -2.370927076268176
P 5.0 6.0 0.4212653131488826
P 5.0 7.0 0.3839987585711381
P 5.0 8.0 0.10572171291045485
P 6.0 9.0 0.3587588183542952
P 6.0 10.0 -0.029756135275434113
P 6.0 11.0 0.08650072072077596
P 7.0 9.0 0.3815776456175922
P 7.0 10.0 0.23695837645067283
P 7.0 11.0 0.16020052501883128
P 8.0 9.0 0.2233296784782784
P 8.0 10.0 0.15860012120424535
P 8.0 11.0 0.3256790584280286
U 6.0 -0.8117302312519631
U 7.0 -0.8592171879625354
U 8.0 -0.3693174060918515
U 9.0 -1.5598939099857154
U 10.0 -1.5886405235709513
U 11.0 -1.7718282457152288
